00027
00048
00050
00301
00311
00490
00492
00493
00606
00689
00767
01113
01176
01180
01181
01220
01258
01267
01368
01372
01387
01389
01504
01533
01649
01730
01919
02004
02043
02137
02322
02327
02361
02529
02585
02624
02653
02761
02786
02792
02805
02850
02873
02874
02895
02901
02956
02973
03249
03308
03355
03366
03528
03691
03874
04037
04167
04177
04421
04427
04529
04540
04623
04624
04629
04630
04724
04792
04970
05006
05054
05364
05385
05402
05414
05460
05499
05501
05508
05706
05799
05805
05810
05819
05826
05879
05947
05950
06078
06395
06487
06495
06498
06528
06529
06530
06547
06551
06552
06708
06709
06710
06864
06866
07078
07079
07097
07433
07503
07509
07515
07518
08127
08290
08294
08428
08435
08437
08438
08920
09112
09198
09388
09438
09439
09688
09693
09753
09803
09921
09954
09956
09960
10078
10113
